82
91
13
92
64
10
28
55
96
97
16
98
96
49
81
15
43
92
80
96
66
4
85
94
68
76
75
40
66
18
71
4
28
5
10
83
70
32
96
4
44
39
77
80
19
49
45
65
71
76
28
68
66
17
12
50
96
35
59
23
76
26
51
70
90
96
55
14
15
26
85
26
82
25
93
35
20
26
62
48
36
84
59
55
92
29
76
76
39
57
8
6
54
78
94
13
57
47
2
34
82
91
13
92
64
10
28
55
96
97
16
98
96
49
81
15
43
92
80
96
66
4
85
94
68
76
75
40
66
18
71
4
28
5
10
83
70
32
96
4
44
39
77
80
19
49
45
65
71
76
28
68
66
17
12
50
96
35
59
23
76
26
51
70
90
96
55
14
15
26
85
26
82
25
93
35
20
26
62
48
36
84
59
55
92
29
76
76
39
57
8
6
54
78
94
13
57
47
2
34
